RAW
pi 0.1
[0.305952380952381, 0.3068452380952381, 0.30734126984126986, 0.3171130952380953, 0.35059523809523807, 0.427281746031746, 0.5090986394557823, 0.5704613095238096]
pi 0.5
[0.12003968253968254, 0.11894841269841269, 0.1189814814814815, 0.12013888888888888, 0.1255952380952381, 0.14229497354497356, 0.18707482993197277, 0.26225198412698414]
pi 0.9
[0.3466269841269842, 0.34930555555555554, 0.35211640211640216, 0.3571924603174604, 0.3796428571428572, 0.4575727513227514, 0.5350623582766441, 0.5931795634920636]

dim 11
pi 0.1
[0.31011904761904757, 0.3125, 0.31825396825396823, 0.33035714285714285, 0.36511904761904757, 0.43769841269841275, 0.5180272108843538, 0.5782738095238096 ]
pi 0.5
[0.11904761904761904, 0.11875, 0.11957671957671957, 0.12207341269841271, 0.12662698412698414, 0.14341931216931217, 0.1891156462585034, 0.26560019841269844 ] 
pi 0.9
[0.33571428571428574, 0.3396825396825397, 0.34305555555555556, 0.3550595238095238, 0.3896031746031747, 0.45674603174603184, 0.5343537414965986, 0.5925595238095238]

dim 10
pi 0.1
[ 0.40714285714285714, 0.40773809523809523, 0.41289682539682543, 0.4136904761904762, 0.45083333333333336, 0.5415674603174604, 0.6070578231292517, 0.6561755952380952 ]
pi 0.5
[ 0.16825396825396827, 0.16795634920634922, 0.16792328042328042, 0.16929563492063493, 0.17182539682539683, 0.18373015873015874, 0.2242063492063492, 0.2833333333333333 ]
pi 0.9
[ 0.46349206349206357, 0.464186507936508, 0.4671296296296297, 0.4721230158730159, 0.49916666666666676, 0.5609457671957673, 0.6236678004535148, 0.6707093253968254 ]

dim 9
pi 0.1
[ 0.39642857142857135, 0.3979166666666666, 0.4013888888888889, 0.4169642857142857, 0.46238095238095245, 0.551686507936508, 0.6157312925170069, 0.6637648809523808 ]
pi 0.5
[ 0.18492063492063493, 0.18492063492063493, 0.18472222222222223, 0.18531746031746033, 0.18611111111111112, 0.1966931216931217, 0.2371031746031746, 0.3125496031746032 ]
pi 0.9
[ 0.5450396825396826, 0.5462301587301588, 0.5486111111111113, 0.5543650793650795, 0.5638492063492064, 0.616931216931217, 0.6716553287981859, 0.7126984126984127 ]

dim 8
[ 0.4214285714285715, 0.42172619047619053, 0.4251984126984127, 0.42693452380952385, 0.4783333333333333, 0.5652777777777778, 0.6273809523809524, 0.6739583333333333 ]
[ 0.19067460317460316, 0.19067460317460316, 0.19107142857142856, 0.19171626984126983, 0.19341269841269842, 0.20181878306878306, 0.24141156462585034, 0.31522817460317465 ]
[ 0.555952380952381, 0.555952380952381, 0.5599867724867725, 0.5632440476190477, 0.5751984126984128, 0.631415343915344, 0.6840702947845806, 0.7235615079365081 ]
