Validation
LINEAR
RAW
0.1,0.5,0.9
[ 0.6660714285714286, 0.5476190476190477, 0.5119047619047619, 0.4842857142857143,     0.4639880952380952,     0.4488095238095238,  0.5802083333333333, 0.8644179894179894, 0.9932738095238095 ]
[ 0.567063492063492,  0.4185185185185185, 0.3437996031746032, 0.29888888888888887,    0.26875,                0.24912131519274378, 0.2626984126984127, 0.3060626102292769, 0.3548015873015873 ]
[ 0.7180555555555556, 0.6026455026455027, 0.5447420634920634, 0.5124603174603175,     0.48961640211640217,    0.47208049886621317, 0.5727926587301587, 0.8486331569664903, 0.9458134920634922 ]

pca 11
0.1,0.5,0.9
[ 0.6666666666666667, 0.557936507936508,   0.5252976190476191, 0.499047619047619,   0.4725198412698413,  0.47891156462585033, 0.5864583333333333,  0.9417989417989416, 0.9996428571428573  ]
[ 0.5695436507936508, 0.41990740740740745, 0.3452876984126984, 0.30103174603174604, 0.27142857142857146, 0.2509920634920635,  0.24841269841269842, 0.2957671957671958, 0.32732142857142854 ]
[ 0.7161706349206349, 0.6005952380952381,  0.5492559523809525, 0.5185714285714287,  0.4984457671957673,  0.49418934240362816, 0.5220238095238094,  0.7481481481481482, 0.9727777777777779  ] 

RBF
gamma = 0.001
RAW
[ 0.9273809523809524,  0.9636904761904761,  0.8992063492063492, 0.9279761904761904, 0.9452380952380953, 0.9196428571428572,  0.8920918367346938, 0.8713541666666667,  0.8552248677248677 ]
[ 0.48769841269841274, 0.7438492063492064,  0.6517857142857143, 0.5845238095238096, 0.5461111111111111, 0.5205357142857143,  0.502267573696145,  0.48856646825396827, 0.47791005291005295 ]
[ 0.8876984126984127,  0.9438492063492064,  0.9625661375661375, 0.9132936507936509, 0.9368253968253969, 0.9,                 0.8668934240362811, 0.8420138888888888,  0.8214947089947091 ]

PCA(11)
[ 0.9880952380952381, 0.9940476190476191, 0.9073412698412698, 0.9333333333333333, 0.9469047619047619, 0.9254960317460317, 0.8997448979591836, 0.8799851190476191, 0.8640211640211639N ]
[ 0.5128968253968254, 0.7564484126984127, 0.6566137566137566, 0.5890376984126984, 0.5489285714285714, 0.5231150793650794, 0.5046768707482993, 0.49084821428571423, 0.4800925925925926 ]
[ 0.8821428571428572, 0.9410714285714286, 0.9607142857142856, 0.9127480158730159, 0.9458730158730159, 0.9050925925925927, 0.8740362811791383, 0.849404761904762, 0.8282848324514991 ]

gamma = 0.01

RAW
[ 0.8898809523809523, 0.9449404761904762, 0.8365079365079365, 0.768452380952381, 0.8170238095238097, 0.7923611111111112, 0.7747448979591837, 0.7397321428571427, 0.710978835978836 ]
[ 0.548015873015873, 0.7740079365079364, 0.715542328042328, 0.5744543650793651, 0.5067063492063493, 0.44794973544973543, 0.4059807256235828, 0.37450396825396826, 0.35002204585537916 ]
[ 0.8853174603174604, 0.9426587301587301, 0.9617724867724867, 0.8857142857142857, 0.8435317460317462, 0.8250992063492065, 0.7740646258503402, 0.7319692460317461, 0.6992283950617284 ]

PCA(11)
[ 0.786904761904762, 0.893452380952381, 0.8325396825396826, 0.7619047619047618, 0.8961904761904762, 0.8252976190476191, 0.7732993197278911, 0.7340029761904762, 0.7034391534391534 ]
[ 0.42460317460317465, 0.7123015873015873, 0.7159391534391534, 0.5756448412698413, 0.4986111111111111, 0.4418320105820106, 0.4012755102040816, 0.3708581349206349, 0.347200176366843 ] 
[ 0.9291666666666668, 0.9645833333333333, 0.976388888888889, 0.8892857142857142, 0.8480952380952381, 0.8217261904761904, 0.7670634920634921, 0.7260664682539681, 0.6940255731922399 ]

gamma = 0.1

RAW
[ 0.9636904761904763, 0.981845238095238, 0.9476190476190477, 0.9607142857142856, 0.9926190476190477, 0.9938492063492064, 0.9947278911564625, 0.9953869047619047, 0.995899470899471 ]
[ 0.9033730158730159, 0.951686507936508, 0.8904761904761905, 0.9168154761904762, 0.9338492063492063, 0.9390873015873016, 0.8959750566893423, 0.863640873015873, 0.8384920634920635 ]
[ 0.9601190476190476, 0.9800595238095238, 0.9867063492063491, 0.9900297619047618, 0.9920238095238096, 0.9933531746031746, 0.9943027210884354, 0.995014880952381, 0.995568783068783 ]

PCA(11)
[ 0.9720238095238095, 0.9860119047619048, 0.9349206349206349, 0.9511904761904763, 0.9930952380952381, 0.9942460317460319, 0.9950680272108843, 0.9956845238095238, 0.9961640211640213 ]
[ 0.8517857142857143, 0.9258928571428572, 0.8580026455026455, 0.8935019841269841, 0.9175793650793651, 0.9211970899470899, 0.8666950113378685, 0.8258184523809524, 0.7940255731922399 ]
[ 0.9563492063492064, 0.9781746031746033, 0.9854497354497356, 0.9890873015873016, 0.9912698412698413, 0.9922619047619048, 0.9929705215419502, 0.9935019841269841, 0.9939153439153439 ]

POLY
PCA(11)
[ 0.33928571428571425, 0.34226190476190477, 0.3581349206349206,  0.41502976190476193, 1.0,                 0.999702380952381,   0.9995748299319729, 0.9998511904761904,  1.0 ]
[ 0.12916666666666665, 0.1320436507936508,  0.1392857142857143,  0.17906746031746032, 0.2865079365079365,  0.37962962962962965, 0.46442743764172334, 0.5162698412698412, 0.5673721340388007 ]
[ 0.3446428571428572,  0.3446428571428572,  0.3514550264550265,  0.4064484126984127,  0.8402380952380953,  1.000892857142857,   1.000765306122449, 0.9998263888888889,   1.000595238095238 ]
RAW
[ 0.32619047619047614, 0.3333333333333333,  0.3466269841269841,  0.5375,              0.9986904761904764,  0.9995039682539683,  0.9996598639455784, 1.0,                 1.0 ]
[ 0.12361111111111112, 0.12896825396825395, 0.13201058201058202, 0.15173611111111113, 0.27015873015873015, 0.38938492063492064, 0.4636904761904762, 0.526984126984127,   0.5781084656084656 ]
[ 0.30000000000000004, 0.3222222222222223,  0.35191798941798946, 0.40376984126984133, 0.7176190476190476,  0.9998346560846559,  0.9998015873015873, 1.0006696428571429,  1.000595238095238 ]

